7.241502866795769933e+01
8.969486105574567603e+01
7.608651798796128674e+01
5.188191308266073776e+01
9.113971966018492310e+01
9.159667579657035219e+01
7.859391694439678133e+01
6.813839782587139382e+01
6.015962176156141084e+01
5.359269769886334700e+01
2.855937129890207160e+01
5.844825031392836223e+01
7.715051717022514133e+00
3.663269377197434551e+01
8.223124680681333132e+01
8.718088625494031874e+01
8.056705943799401837e+01
9.675505635011072414e+00
8.947203974109883973e+01
1.778627985749571394e+01
3.227499364290460449e+01
1.481493472035445613e+01
2.191803259251771152e+01
9.857502194408492358e+01
8.864332593116108328e+00
7.494697991072139587e+01
5.312034918484466317e+01
8.757040629752857797e+01
6.358245035632995723e+01
1.511950682246511235e+01
4.581488069217628833e+01
6.738889110052384979e+01
9.792212315877331719e+01
5.456831703967910130e+01
1.266018051920619847e+01
2.935064314678625941e+00
4.161534047998917174e+01
4.930433871995099082e-01
8.180755875356938134e+01
4.844178463413789615e+01
8.097547749102751879e+01
9.680772011078575190e+01
1.944286447650245275e+00
9.266132299892619528e+01
2.934816124367776169e+01
5.221914699351576417e+01
8.980259156653204400e+01
8.752429233190247260e+01
4.404376707655840306e+01
2.995985975057280370e+00
1.604046673685041213e+01
5.282521399080685853e+00
1.271941906376863329e+01
6.388630639751923468e+01
6.938442534753164637e+01
1.585484259210592128e+01
3.818562776485657650e+01
5.835302627882352766e+01
9.467836914341354770e+01
2.205633025442623563e+01
7.404046268206130321e+01
4.672917961714020407e+01
9.220223493354007260e+00
8.036942706208030529e+01
5.717905076395066999e+01
7.699605387117370014e+01
2.012944029323231376e+01
3.190233548633022309e+01
8.669278537915769967e-01
6.183750211785684314e+01
5.095490839525286475e+01
1.017271578419086708e+01
5.365420955049494722e+01
8.916271382095983711e+01
5.896154938462059647e+01
8.644817191098363551e+00
6.349330174238223634e+01
4.280477858234453947e+01
5.308447412735092286e+01
7.878143035016444173e+01
1.871105235240469966e+01
9.467947058403663618e+01
9.937192100001442441e+01
8.815927877394773304e+01
4.110676745433522683e+01
8.459349638541850425e+01
1.631244347565663588e+01
4.615274623220864214e+01
6.744851484877517578e+01
4.597474715078575969e+00
4.908401991166622125e+00
7.157228650674373682e+01
9.695025052309385671e+01
2.663676733825370846e+00
9.183693351898027402e+01
1.071851632926938969e+01
3.917906750848943176e+01
5.245615920650504194e+00
5.019586186817925011e+01
7.032407545032415896e+01
6.144433520603485022e+01
8.126895209987053192e+01
9.694381134437286107e+01
1.989092612420185802e+01
8.137287495209986332e+01
7.774063346815415798e+01
2.267508816301114649e+01
2.058440627200217676e+01
7.771469743485992865e+01
2.992016488835074028e+01
1.512417922603784781e+01
3.950947574315372179e+01
4.408111656132722800e+01
1.955306310216196053e+01
6.217786805610637657e+01
5.346443419030259037e+01
3.264685984007302721e+01
2.172821986142580286e+01
1.199552320964469843e+01
4.207271305082441870e+01
1.691465410926813462e+01
4.232239775345500021e+01
3.614900429232351797e+01
1.138698765472522290e+01
9.262271830645983073e+01
2.717252988452581874e+01
2.606942576572651760e+01
3.191257485209458977e+01
3.713217006770979367e+01
5.985390709022942701e+01
2.515709224874850136e+01
2.731451135700979549e+01
5.735079029558700370e+01
9.051797074031881607e+01
3.481165291695887731e+01
1.079748882327024084e+01
3.921581582659622001e+01
8.797747331960181327e+01
4.654359200773765792e+01
4.959520862213894077e+01
9.709775640696382482e+01
6.054590526434974151e+01
4.541347600926152239e+01
1.559121274271650925e+01
7.544336558292781092e+01
5.957838160549329132e+01
2.463834616015986256e+01
5.530574917240882016e+00
4.876469031207375515e+00
5.796905673023101713e+01
7.464315891015729676e+01
4.089372024748965373e+01
3.526815650720627193e+00
1.404747972831517089e+01
9.680165754795083899e+01
7.329155724866132005e+01
8.971567581697279081e+01
2.479317795070784669e+01
4.832423232042589945e+01
4.720311966568957729e+01
9.863979179523589380e+01
2.840073759543788512e+01
4.608804313354583115e+01
4.677427708133942019e+01
6.907408435095075561e+01
3.322879059283169312e+01
9.180545473124296052e+01
9.571933988164110474e+01
9.377535266106782785e+01
6.700320202992750751e+01
8.463089882658455565e+01
9.883964361992141789e+01
2.328852100505676148e+01
1.117106663294709090e+00
6.050801836064209027e+01
7.466735659185363261e+01
7.058238244514323867e+01
8.699254467508119149e+01
6.634059004173515461e+01
8.388490129476542734e+01
4.825241118370438009e+00
1.395906732921077165e+01
6.955258863819663873e+01
2.562964223642020301e+01
9.779233185217141511e+01
3.411591085514154997e+01
1.985151699930825941e+01
5.685319226607481369e+01
5.873860217462565458e+01
6.416484172092197014e+01
5.267240361096959589e+01
5.129731436569334591e+01
8.261066877565826871e+01
2.086906857286672334e+01
7.258467223740139218e+01
8.249533199569385999e+01
6.174721621094833779e+01
5.362905885695015229e+01
3.598397904526719771e+01
3.884151996587257116e+01
9.150328683584973533e+00
6.922164371880097633e+01
7.550576038665218448e+01
2.710827990785397290e+01
9.602448848038341112e+01
5.936528448820338610e+01
5.494231234104969275e+01
2.625305144276578417e+01
8.873436016453656805e+01
2.809164053429825714e+01
4.645456182323789562e+01
6.815281808637732297e+01
1.786182585284873525e+01
8.935834305725283855e+01
2.825355165021445814e+01
7.221569919717583730e+01
8.714897867681476384e+01
9.548375563211827455e+01
9.669491821215221705e+01
2.882443203591502723e+01
3.953411046102304027e+01
4.253609715024296634e+01
1.961840456703945890e+01
6.259860642531376129e+01
6.656571050069044304e+01
8.064445334523996678e+01
1.293679597321860619e+01
8.429600722036322225e+01
2.464009536634264208e+01
1.242056181555959427e+01
8.706050386900253102e+01
3.995788656619073720e+01
3.784164817734833974e+01
2.800562018639037731e+01
4.755119965379594760e+01
5.167669622237315252e+01
8.382287549156409057e+01
5.865905541379979837e+01
5.974941136156262189e+01
1.024802365862231834e+00
7.098327841180898190e+01
8.104089266033516026e+01
5.529563149028682290e+00
7.982670460818556535e+01
4.291665037488525769e+01
4.602072166870192405e+01
1.849370100540028616e+01
6.824455008577634985e+00
8.822825152425386364e+01
8.230628164950121572e+01
2.689377216498948187e+01
8.989251139116728950e+01
7.186145336460093347e+01
3.518352066731323902e+01
2.463990541228548992e+01
7.483128297474571866e+01
5.412576313064428035e+01
7.263378479717769665e+01
2.308708253403082367e+01
2.931248830217960588e+01
8.464663731279215142e+01
8.115533828851974363e+01
4.004162408451572475e+01
3.867818997751238896e+01
1.827481943514265339e+01
3.356582865594943854e+01
6.705048684295233485e+00
3.035262310495923099e+00
5.413726204527581132e+01
1.056392696100442130e+01
2.298601268893160210e+01
9.619185477735790357e+01
2.942765148925855456e+01
2.071279509407379749e+01
3.035028341656382622e+01
9.093430734718390340e+01
7.358862852838392143e+01
5.624490169080964108e+00
1.071369053500402835e+01
1.711314253131385144e+01
7.132382871110192468e+01
6.486942943102161507e+01
9.191059383847162678e+01
7.291835089388875701e+01
9.352712469968638231e+01
2.259543871698393858e+01
8.874028404055268027e+01
9.854554149898582693e+01
9.029767537865723170e+01
1.725517053886001051e+01
3.744838541600825721e+01
7.024684213840370894e+00
7.717756054008282263e+01
9.097124831534148370e+01
3.929348634537979024e+01
3.612272444641582325e+01
7.846533421077744208e+01
5.953244243844569183e+00
5.745025248354572511e+01
9.498326853380741852e+01
2.050083965714769718e+01
5.133496814794076357e+01
3.007662105092074967e+01
1.451809957854713851e+01
1.712222614971105017e+01
5.359945197010937790e+01
2.408253129435549056e+01
2.052629182992455981e+01
6.605010209724302683e+01
7.359178328529029045e+01
5.210353442238007915e+01
9.357549694148997332e+01
2.300086730937862711e+01
3.914574545893246693e+01
9.190436206102101835e+01
4.233869034031067713e+01
2.857123570602141527e+01
9.600848247955168802e+01
2.637826754783468886e+01
8.745403875038130082e+01
6.610112625176446954e+01
1.833075130367397421e+01
2.420252618057180527e+01
4.769453286517398993e+01
1.908864322890723031e+01
7.882873033225780546e+01
4.542913895051451334e+01
6.494488691795547197e+01
9.386636898669709694e+01
2.552332299185059483e+01
1.157023629581876989e+01
2.635861431503050412e+00
4.471163143999490330e+00
2.968477530671060904e+01
5.415964040376996991e+01
2.686073508035532598e+01
2.422187968837151573e+01
3.789128763809136302e+01
5.379067026438959687e+01
9.102036580085740525e+01
5.364789716512790108e+01
4.830273502472126168e+00
7.324405721044425377e+01
1.879017524742188172e+01
3.816166253990360691e+00
3.238573314789680069e+01
3.459581881834010630e+01
4.342483957629137592e+01
5.769236087671438895e+01
4.556635339458125600e+00
2.718161101361199528e+01
8.994737973126680686e+01
3.793137989627021511e+01
1.202255854467115803e+01
8.543052128467408579e+01
3.993824665441259025e+00
3.526302696077494403e+01
5.983230281053755562e+01
1.900060037458638362e+01
4.785490761122677128e+01
1.203934313481259721e+01
1.957149964862028213e+01
1.385403655154244795e+01
5.642514045511977372e+01
3.634930936214117025e+01
1.175035881455874787e+01
8.052525789296606717e+01
7.321065640333908675e+01
8.660150029878356293e+01
4.681759843033253787e+01
8.969242078891208791e+01
2.594601307020414538e+01
6.851201427823711754e+01
2.681208163581857562e+01
6.567626957828446166e+01
7.733706018775772861e+01
5.807104807759703391e+01
8.186206210037725839e+01
7.855805940479100968e+01
6.486940310590205172e+01
6.772955368038570612e+01
9.743868899376066395e+01
4.716563336810736473e+01
7.372785103934262452e+01
5.607975455239341045e+01
9.987124623081302843e+01
8.518427040472758449e+01
7.356386767112334724e+01
7.461999316698847906e+01
9.232787498278774763e+01
9.979132510160174263e+01
1.306332035850822315e+01
3.194412424208314949e+00
5.637200734692200399e+01
5.306733550896564111e+01
3.683304881189788205e+01
8.274217442238935405e+01
7.609241465840074170e+01
9.338909350462135706e+01
9.577552453977807545e+01
7.535651100508160027e+01
1.126959785493889576e+01
8.562610436991175789e+01
7.815202314935122274e+01
2.141480084092335545e+01
5.353242371373758601e+01
3.587854422528139509e+01
9.519380208881730709e+01
1.982582266473223953e+01
3.883965840674514425e+01
6.977898368585238131e+01
4.185575414831102847e+01
5.130013806273756671e+01
4.258830894476810158e+01
5.817935569484984626e+01
2.418706037208610127e+01
7.679933379759435752e+01
8.337281763743710883e+01
5.802620833188383642e+01
5.124551848228652062e+01
9.356196112242233198e+01
6.636852128381197247e+01
1.033447682723516081e+01
1.953022176832081058e+01
1.629327217994115529e+01
4.379875956045194840e+01
9.202406710752303809e+01
1.043513790709661393e+01
6.308490175135400335e+01
6.388171299164797290e+01
7.536150369457095266e+00
5.218614793278513275e+01
6.060430892327624264e+01
1.599349812437144180e+01
2.059408111155856957e+01
3.395982148671185996e+01
9.085186090663643910e+00
7.240837912375039309e+01
1.485404607785274500e+01
3.919770006639631532e+01
9.182556445294814296e+01
5.394889648431733242e+00
3.585380267156703837e+01
6.958686245252015112e+01
7.340476718665343014e+01
8.605940537073063723e+00
1.989440811546662147e+01
8.479681381248546757e+01
9.183735010966350387e+01
6.089251074996845148e+01
9.572030333726111451e+01
3.243446038766673212e+01
1.317538327875528203e+01
9.737072942606495474e+00
6.768401486391750765e+00
7.649379198991894668e+01
2.010451379742665878e+01
5.665519097305129748e+01
4.172793882517284203e+01
9.204145934604930801e+01
9.269340604101195424e+01
6.257384646710656284e+01
3.473874276858681753e+01
1.824403718572126110e+01
3.700055335510854349e+01
5.683462323051393383e+01
4.827105150041045789e+01
9.816344129673333896e+01
9.379137455313770033e+01
8.530884232310523885e+01
6.342087601324593038e+01
4.143518730629898528e+01
1.814313209570783680e+00
9.104363239553818232e+01
2.226860785613922289e+01
5.037636100322912114e+01
4.811101762794923786e+01
3.839452317387248570e+00
2.207295505262040081e+01
1.325337079627843018e+01
6.348074129993261039e+01
8.926207869589731558e+00
1.994604988378562282e+01
4.133507544511844856e+01
7.539552836513782097e+01
7.735105775495314617e+01
4.755597823251851253e+01
5.438019021377171747e+00
3.719318775855497705e+01
8.680221025616575048e+01
5.213758278641255117e+01
6.487272124498808523e+01
6.246831787749317044e+01
6.390450767347728345e+01
5.332000062660308259e+01
7.576871651339104119e+01
6.430409436266137391e+01
4.291824888582873854e+01
1.952195912722154425e+00
2.929026543000579075e+00
